160 171 163 165 -120.0 2.5
195 198 200 202  0.0 0.0
294 305 297 299 -120.0 2.5
329 332 334 336  0.0 0.0
428 439 431 433 -120.0 2.5
463 466 468 470  0.0 0.0
562 573 565 567 -120.0 2.5
597 600 602 604  0.0 0.0
696 707 699 701 -120.0 2.5
731 734 736 738  0.0 0.0
806 812 810 815  120.0 2.5
823 834 826 828 -120.0 2.5
858 861 863 865  0.0 0.0
957 968 960 962 -120.0 2.5
992 995 997 999  0.0 0.0
1067 1073 1071 1076  120.0 2.5
1084 1095 1087 1089 -120.0 2.5
1119 1122 1124 1126  0.0 0.0
1218 1229 1221 1223 -120.0 2.5
1253 1256 1258 1260  0.0 0.0
1352 1363 1355 1357 -120.0 2.5
1387 1390 1392 1394  0.0 0.0
1486 1497 1489 1491 -120.0 2.5
1521 1524 1526 1528  0.0 0.0
1620 1631 1623 1625 -120.0 2.5
1655 1658 1660 1662  0.0 0.0
1754 1765 1757 1759 -120.0 2.5
1789 1792 1794 1796  0.0 0.0
1888 1899 1891 1893 -120.0 2.5
1923 1926 1928 1930  0.0 0.0
2022 2033 2025 2027 -120.0 2.5
2057 2060 2062 2064  0.0 0.0
2132 2138 2136 2141  120.0 2.5
2149 2160 2152 2154 -120.0 2.5
2184 2187 2189 2191  0.0 0.0
2259 2265 2263 2268  120.0 2.5
2276 2287 2279 2281 -120.0 2.5
2311 2314 2316 2318  0.0 0.0
2410 2421 2413 2415 -120.0 2.5
2445 2448 2450 2452  0.0 0.0
2544 2555 2547 2549 -120.0 2.5
2579 2582 2584 2586  0.0 0.0
2654 2660 2658 2663  120.0 2.5
2671 2682 2674 2676 -120.0 2.5
2706 2709 2711 2713  0.0 0.0
2805 2816 2808 2810 -120.0 2.5
2840 2843 2845 2847  0.0 0.0
2939 2950 2942 2944 -120.0 2.5
2974 2977 2979 2981  0.0 0.0
3073 3084 3076 3078 -120.0 2.5
3108 3111 3113 3115  0.0 0.0
3183 3189 3187 3192  120.0 2.5
3200 3211 3203 3205 -120.0 2.5
3235 3238 3240 3242  0.0 0.0
3334 3345 3337 3339 -120.0 2.5
3369 3372 3374 3376  0.0 0.0
3468 3479 3471 3473 -120.0 2.5
3503 3506 3508 3510  0.0 0.0
3602 3613 3605 3607 -120.0 2.5
3637 3640 3642 3644  0.0 0.0
3736 3747 3739 3741 -120.0 2.5
3771 3774 3776 3778  0.0 0.0
3870 3881 3873 3875 -120.0 2.5
3905 3908 3910 3912  0.0 0.0
4004 4015 4007 4009 -120.0 2.5
4039 4042 4044 4046  0.0 0.0
4114 4120 4118 4123  120.0 2.5
4131 4142 4134 4136 -120.0 2.5
4166 4169 4171 4173  0.0 0.0
4265 4276 4268 4270 -120.0 2.5
4300 4303 4305 4307  0.0 0.0
4399 4410 4402 4404 -120.0 2.5
4434 4437 4439 4441  0.0 0.0
4533 4544 4536 4538 -120.0 2.5
4568 4571 4573 4575  0.0 0.0
4643 4649 4647 4652  120.0 2.5
4660 4671 4663 4665 -120.0 2.5
4695 4698 4700 4702  0.0 0.0
4794 4805 4797 4799 -120.0 2.5
4829 4832 4834 4836  0.0 0.0
4928 4939 4931 4933 -120.0 2.5
4963 4966 4968 4970  0.0 0.0
5062 5073 5065 5067 -120.0 2.5
5097 5100 5102 5104  0.0 0.0
5196 5207 5199 5201 -120.0 2.5
5231 5234 5236 5238  0.0 0.0
5330 5341 5333 5335 -120.0 2.5
5365 5368 5370 5372  0.0 0.0
5464 5475 5467 5469 -120.0 2.5
5499 5502 5504 5506  0.0 0.0
5598 5609 5601 5603 -120.0 2.5
5633 5636 5638 5640  0.0 0.0
5708 5714 5712 5717  120.0 2.5
5725 5736 5728 5730 -120.0 2.5
5760 5763 5765 5767  0.0 0.0
5859 5870 5862 5864 -120.0 2.5
5894 5897 5899 5901  0.0 0.0
5993 6004 5996 5998 -120.0 2.5
6028 6031 6033 6035  0.0 0.0
6103 6109 6107 6112  120.0 2.5
6120 6131 6123 6125 -120.0 2.5
6155 6158 6160 6162  0.0 0.0
6254 6265 6257 6259 -120.0 2.5
6289 6292 6294 6296  0.0 0.0
6388 6399 6391 6393 -120.0 2.5
6423 6426 6428 6430  0.0 0.0
6522 6533 6525 6527 -120.0 2.5
6557 6560 6562 6564  0.0 0.0
6632 6638 6636 6641  120.0 2.5
6649 6660 6652 6654 -120.0 2.5
6684 6687 6689 6691  0.0 0.0
6783 6794 6786 6788 -120.0 2.5
6818 6821 6823 6825  0.0 0.0
6917 6928 6920 6922 -120.0 2.5
6952 6955 6957 6959  0.0 0.0
7051 7062 7054 7056 -120.0 2.5
7086 7089 7091 7093  0.0 0.0
7185 7196 7188 7190 -120.0 2.5
7220 7223 7225 7227  0.0 0.0
7319 7330 7322 7324 -120.0 2.5
7354 7357 7359 7361  0.0 0.0
7453 7464 7456 7458 -120.0 2.5
7488 7491 7493 7495  0.0 0.0
7587 7598 7590 7592 -120.0 2.5
7622 7625 7627 7629  0.0 0.0
7721 7732 7724 7726 -120.0 2.5
7756 7759 7761 7763  0.0 0.0
7855 7866 7858 7860 -120.0 2.5
7890 7893 7895 7897  0.0 0.0
7989 8000 7992 7994 -120.0 2.5
8024 8027 8029 8031  0.0 0.0
8123 8134 8126 8128 -120.0 2.5
8158 8161 8163 8165  0.0 0.0
8257 8268 8260 8262 -120.0 2.5
8292 8295 8297 8299  0.0 0.0
8367 8373 8371 8376  120.0 2.5
8384 8395 8387 8389 -120.0 2.5
8419 8422 8424 8426  0.0 0.0
8494 8500 8498 8503  120.0 2.5
8511 8522 8514 8516 -120.0 2.5
8546 8549 8551 8553  0.0 0.0
8645 8656 8648 8650 -120.0 2.5
8680 8683 8685 8687  0.0 0.0
8755 8761 8759 8764  120.0 2.5
8772 8783 8775 8777 -120.0 2.5
8807 8810 8812 8814  0.0 0.0
8906 8917 8909 8911 -120.0 2.5
8941 8944 8946 8948  0.0 0.0
9040 9051 9043 9045 -120.0 2.5
9075 9078 9080 9082  0.0 0.0
9174 9185 9177 9179 -120.0 2.5
9209 9212 9214 9216  0.0 0.0
9308 9319 9311 9313 -120.0 2.5
9343 9346 9348 9350  0.0 0.0
9442 9453 9445 9447 -120.0 2.5
9477 9480 9482 9484  0.0 0.0
9552 9558 9556 9561  120.0 2.5
9569 9580 9572 9574 -120.0 2.5
9604 9607 9609 9611  0.0 0.0
9703 9714 9706 9708 -120.0 2.5
9738 9741 9743 9745  0.0 0.0
9837 9848 9840 9842 -120.0 2.5
9872 9875 9877 9879  0.0 0.0
9971 9982 9974 9976 -120.0 2.5
10006 10009 10011 10013  0.0 0.0
10105 10116 10108 10110 -120.0 2.5
10140 10143 10145 10147  0.0 0.0
10215 10221 10219 10224  120.0 2.5
10232 10243 10235 10237 -120.0 2.5
10267 10270 10272 10274  0.0 0.0
10366 10377 10369 10371 -120.0 2.5
10401 10404 10406 10408  0.0 0.0
10500 10511 10503 10505 -120.0 2.5
10535 10538 10540 10542  0.0 0.0
10634 10645 10637 10639 -120.0 2.5
10669 10672 10674 10676  0.0 0.0
10768 10779 10771 10773 -120.0 2.5
10803 10806 10808 10810  0.0 0.0
10902 10913 10905 10907 -120.0 2.5
10937 10940 10942 10944  0.0 0.0
11036 11047 11039 11041 -120.0 2.5
11071 11074 11076 11078  0.0 0.0
11170 11181 11173 11175 -120.0 2.5
11205 11208 11210 11212  0.0 0.0
11304 11315 11307 11309 -120.0 2.5
11339 11342 11344 11346  0.0 0.0
11414 11420 11418 11423  120.0 2.5
11431 11442 11434 11436 -120.0 2.5
11466 11469 11471 11473  0.0 0.0
11565 11576 11568 11570 -120.0 2.5
11600 11603 11605 11607  0.0 0.0
11699 11710 11702 11704 -120.0 2.5
11734 11737 11739 11741  0.0 0.0
11833 11844 11836 11838 -120.0 2.5
11868 11871 11873 11875  0.0 0.0
11967 11978 11970 11972 -120.0 2.5
12002 12005 12007 12009  0.0 0.0
12101 12112 12104 12106 -120.0 2.5
12136 12139 12141 12143  0.0 0.0
12211 12217 12215 12220  120.0 2.5
12228 12239 12231 12233 -120.0 2.5
12263 12266 12268 12270  0.0 0.0
12362 12373 12365 12367 -120.0 2.5
12397 12400 12402 12404  0.0 0.0
12496 12507 12499 12501 -120.0 2.5
12531 12534 12536 12538  0.0 0.0
12630 12641 12633 12635 -120.0 2.5
12665 12668 12670 12672  0.0 0.0
12764 12775 12767 12769 -120.0 2.5
12799 12802 12804 12806  0.0 0.0
12898 12909 12901 12903 -120.0 2.5
12933 12936 12938 12940  0.0 0.0
13032 13043 13035 13037 -120.0 2.5
13067 13070 13072 13074  0.0 0.0
13166 13177 13169 13171 -120.0 2.5
13201 13204 13206 13208  0.0 0.0
13300 13311 13303 13305 -120.0 2.5
13335 13338 13340 13342  0.0 0.0
13434 13445 13437 13439 -120.0 2.5
13469 13472 13474 13476  0.0 0.0
13544 13550 13548 13553  120.0 2.5
13561 13572 13564 13566 -120.0 2.5
13596 13599 13601 13603  0.0 0.0
13695 13706 13698 13700 -120.0 2.5
13730 13733 13735 13737  0.0 0.0
13805 13811 13809 13814  120.0 2.5
13822 13833 13825 13827 -120.0 2.5
13857 13860 13862 13864  0.0 0.0
13956 13967 13959 13961 -120.0 2.5
13991 13994 13996 13998  0.0 0.0
14066 14072 14070 14075  120.0 2.5
14083 14094 14086 14088 -120.0 2.5
14118 14121 14123 14125  0.0 0.0
14217 14228 14220 14222 -120.0 2.5
14252 14255 14257 14259  0.0 0.0
14351 14362 14354 14356 -120.0 2.5
14386 14389 14391 14393  0.0 0.0
14485 14496 14488 14490 -120.0 2.5
14520 14523 14525 14527  0.0 0.0
14619 14630 14622 14624 -120.0 2.5
14654 14657 14659 14661  0.0 0.0
14753 14764 14756 14758 -120.0 2.5
14788 14791 14793 14795  0.0 0.0
14863 14869 14867 14872  120.0 2.5
14880 14891 14883 14885 -120.0 2.5
14915 14918 14920 14922  0.0 0.0
15014 15025 15017 15019 -120.0 2.5
15049 15052 15054 15056  0.0 0.0
15148 15159 15151 15153 -120.0 2.5
15183 15186 15188 15190  0.0 0.0
15258 15264 15262 15267  120.0 2.5
15275 15286 15278 15280 -120.0 2.5
15310 15313 15315 15317  0.0 0.0
15409 15420 15412 15414 -120.0 2.5
15444 15447 15449 15451  0.0 0.0
15519 15525 15523 15528  120.0 2.5
15536 15547 15539 15541 -120.0 2.5
15571 15574 15576 15578  0.0 0.0
15646 15652 15650 15655  120.0 2.5
15663 15674 15666 15668 -120.0 2.5
15698 15701 15703 15705  0.0 0.0
15797 15808 15800 15802 -120.0 2.5
15832 15835 15837 15839  0.0 0.0
15907 15913 15911 15916  120.0 2.5
15924 15935 15927 15929 -120.0 2.5
15959 15962 15964 15966  0.0 0.0
16058 16069 16061 16063 -120.0 2.5
16093 16096 16098 16100  0.0 0.0
16192 16203 16195 16197 -120.0 2.5
16227 16230 16232 16234  0.0 0.0
16326 16337 16329 16331 -120.0 2.5
16361 16364 16366 16368  0.0 0.0
16460 16471 16463 16465 -120.0 2.5
16495 16498 16500 16502  0.0 0.0
16594 16605 16597 16599 -120.0 2.5
16629 16632 16634 16636  0.0 0.0
16728 16739 16731 16733 -120.0 2.5
16763 16766 16768 16770  0.0 0.0
16862 16873 16865 16867 -120.0 2.5
16897 16900 16902 16904  0.0 0.0
16996 17007 16999 17001 -120.0 2.5
17031 17034 17036 17038  0.0 0.0
17130 17141 17133 17135 -120.0 2.5
17165 17168 17170 17172  0.0 0.0
17264 17275 17267 17269 -120.0 2.5
17299 17302 17304 17306  0.0 0.0
