155
289
423
557
691
818
952
1079
1213
1347
1481
1615
1749
1883
2017
2144
2271
2405
2539
2666
2800
2934
3068
3195
3329
3463
3597
3731
3865
3999
4126
4260
4394
4528
4655
4789
4923
5057
5191
5325
5459
5593
5720
5854
5988
6115
6249
6383
6517
6644
6778
6912
7046
7180
7314
7448
7582
7716
7850
7984
8118
8252
8379
8506
8640
8767
8901
9035
9169
9303
9437
9564
9698
9832
9966
10100
10227
10361
10495
10629
10763
10897
11031
11165
11299
11426
11560
11694
11828
11962
12096
12223
12357
12491
12625
12759
12893
13027
13161
13295
13429
13556
13690
13817
13951
14078
14212
14346
14480
14614
14748
14875
15009
15143
15270
15404
15531
15658
15792
15919
16053
16187
16321
16455
16589
16723
16857
16991
17125
17259
