136 147 139 141 -120.0 2.5
171 174 176 178  0.0 0.0
246 252 250 255  120.0 2.5
263 274 266 268 -120.0 2.5
298 301 303 305  0.0 0.0
373 379 377 382  120.0 2.5
390 401 393 395 -120.0 2.5
425 428 430 432  0.0 0.0
524 535 527 529 -120.0 2.5
559 562 564 566  0.0 0.0
658 669 661 663 -120.0 2.5
693 696 698 700  0.0 0.0
792 803 795 797 -120.0 2.5
827 830 832 834  0.0 0.0
902 908 906 911  120.0 2.5
919 930 922 924 -120.0 2.5
954 957 959 961  0.0 0.0
1053 1064 1056 1058 -120.0 2.5
1088 1091 1093 1095  0.0 0.0
1187 1198 1190 1192 -120.0 2.5
1222 1225 1227 1229  0.0 0.0
1321 1332 1324 1326 -120.0 2.5
1356 1359 1361 1363  0.0 0.0
1455 1466 1458 1460 -120.0 2.5
1490 1493 1495 1497  0.0 0.0
1589 1600 1592 1594 -120.0 2.5
1624 1627 1629 1631  0.0 0.0
1699 1705 1703 1708  120.0 2.5
1716 1727 1719 1721 -120.0 2.5
1751 1754 1756 1758  0.0 0.0
1850 1861 1853 1855 -120.0 2.5
1885 1888 1890 1892  0.0 0.0
1984 1995 1987 1989 -120.0 2.5
2019 2022 2024 2026  0.0 0.0
2118 2129 2121 2123 -120.0 2.5
2153 2156 2158 2160  0.0 0.0
2252 2263 2255 2257 -120.0 2.5
2287 2290 2292 2294  0.0 0.0
2386 2397 2389 2391 -120.0 2.5
2421 2424 2426 2428  0.0 0.0
2520 2531 2523 2525 -120.0 2.5
2555 2558 2560 2562  0.0 0.0
2654 2665 2657 2659 -120.0 2.5
2689 2692 2694 2696  0.0 0.0
2788 2799 2791 2793 -120.0 2.5
2823 2826 2828 2830  0.0 0.0
2922 2933 2925 2927 -120.0 2.5
2957 2960 2962 2964  0.0 0.0
3056 3067 3059 3061 -120.0 2.5
3091 3094 3096 3098  0.0 0.0
3190 3201 3193 3195 -120.0 2.5
3225 3228 3230 3232  0.0 0.0
3300 3306 3304 3309  120.0 2.5
3317 3328 3320 3322 -120.0 2.5
3352 3355 3357 3359  0.0 0.0
3451 3462 3454 3456 -120.0 2.5
3486 3489 3491 3493  0.0 0.0
3585 3596 3588 3590 -120.0 2.5
3620 3623 3625 3627  0.0 0.0
3719 3730 3722 3724 -120.0 2.5
3754 3757 3759 3761  0.0 0.0
3853 3864 3856 3858 -120.0 2.5
3888 3891 3893 3895  0.0 0.0
3987 3998 3990 3992 -120.0 2.5
4022 4025 4027 4029  0.0 0.0
4097 4103 4101 4106  120.0 2.5
4114 4125 4117 4119 -120.0 2.5
4149 4152 4154 4156  0.0 0.0
4248 4259 4251 4253 -120.0 2.5
4283 4286 4288 4290  0.0 0.0
4382 4393 4385 4387 -120.0 2.5
4417 4420 4422 4424  0.0 0.0
4516 4527 4519 4521 -120.0 2.5
4551 4554 4556 4558  0.0 0.0
4650 4661 4653 4655 -120.0 2.5
4685 4688 4690 4692  0.0 0.0
4784 4795 4787 4789 -120.0 2.5
4819 4822 4824 4826  0.0 0.0
4894 4900 4898 4903  120.0 2.5
4911 4922 4914 4916 -120.0 2.5
4946 4949 4951 4953  0.0 0.0
5045 5056 5048 5050 -120.0 2.5
5080 5083 5085 5087  0.0 0.0
5179 5190 5182 5184 -120.0 2.5
5214 5217 5219 5221  0.0 0.0
5313 5324 5316 5318 -120.0 2.5
5348 5351 5353 5355  0.0 0.0
5447 5458 5450 5452 -120.0 2.5
5482 5485 5487 5489  0.0 0.0
5581 5592 5584 5586 -120.0 2.5
5616 5619 5621 5623  0.0 0.0
5715 5726 5718 5720 -120.0 2.5
5750 5753 5755 5757  0.0 0.0
5849 5860 5852 5854 -120.0 2.5
5884 5887 5889 5891  0.0 0.0
5983 5994 5986 5988 -120.0 2.5
6018 6021 6023 6025  0.0 0.0
6117 6128 6120 6122 -120.0 2.5
6152 6155 6157 6159  0.0 0.0
6251 6262 6254 6256 -120.0 2.5
6286 6289 6291 6293  0.0 0.0
6385 6396 6388 6390 -120.0 2.5
6420 6423 6425 6427  0.0 0.0
6495 6501 6499 6504  120.0 2.5
6512 6523 6515 6517 -120.0 2.5
6547 6550 6552 6554  0.0 0.0
6622 6628 6626 6631  120.0 2.5
6639 6650 6642 6644 -120.0 2.5
6674 6677 6679 6681  0.0 0.0
6749 6755 6753 6758  120.0 2.5
6766 6777 6769 6771 -120.0 2.5
6801 6804 6806 6808  0.0 0.0
6900 6911 6903 6905 -120.0 2.5
6935 6938 6940 6942  0.0 0.0
7034 7045 7037 7039 -120.0 2.5
7069 7072 7074 7076  0.0 0.0
7168 7179 7171 7173 -120.0 2.5
7203 7206 7208 7210  0.0 0.0
7278 7284 7282 7287  120.0 2.5
7295 7306 7298 7300 -120.0 2.5
7330 7333 7335 7337  0.0 0.0
7429 7440 7432 7434 -120.0 2.5
7464 7467 7469 7471  0.0 0.0
7563 7574 7566 7568 -120.0 2.5
7598 7601 7603 7605  0.0 0.0
7673 7679 7677 7682  120.0 2.5
7690 7701 7693 7695 -120.0 2.5
7725 7728 7730 7732  0.0 0.0
7824 7835 7827 7829 -120.0 2.5
7859 7862 7864 7866  0.0 0.0
7958 7969 7961 7963 -120.0 2.5
7993 7996 7998 8000  0.0 0.0
8092 8103 8095 8097 -120.0 2.5
8127 8130 8132 8134  0.0 0.0
8226 8237 8229 8231 -120.0 2.5
8261 8264 8266 8268  0.0 0.0
8360 8371 8363 8365 -120.0 2.5
8395 8398 8400 8402  0.0 0.0
8470 8476 8474 8479  120.0 2.5
8487 8498 8490 8492 -120.0 2.5
8522 8525 8527 8529  0.0 0.0
8621 8632 8624 8626 -120.0 2.5
8656 8659 8661 8663  0.0 0.0
8755 8766 8758 8760 -120.0 2.5
8790 8793 8795 8797  0.0 0.0
8889 8900 8892 8894 -120.0 2.5
8924 8927 8929 8931  0.0 0.0
8999 9005 9003 9008  120.0 2.5
9016 9027 9019 9021 -120.0 2.5
9051 9054 9056 9058  0.0 0.0
9126 9132 9130 9135  120.0 2.5
9143 9154 9146 9148 -120.0 2.5
9178 9181 9183 9185  0.0 0.0
9277 9288 9280 9282 -120.0 2.5
9312 9315 9317 9319  0.0 0.0
9411 9422 9414 9416 -120.0 2.5
9446 9449 9451 9453  0.0 0.0
9545 9556 9548 9550 -120.0 2.5
9580 9583 9585 9587  0.0 0.0
9679 9690 9682 9684 -120.0 2.5
9714 9717 9719 9721  0.0 0.0
9813 9824 9816 9818 -120.0 2.5
9848 9851 9853 9855  0.0 0.0
9947 9958 9950 9952 -120.0 2.5
9982 9985 9987 9989  0.0 0.0
10057 10063 10061 10066  120.0 2.5
10074 10085 10077 10079 -120.0 2.5
10109 10112 10114 10116  0.0 0.0
10208 10219 10211 10213 -120.0 2.5
10243 10246 10248 10250  0.0 0.0
10318 10324 10322 10327  120.0 2.5
10335 10346 10338 10340 -120.0 2.5
10370 10373 10375 10377  0.0 0.0
10445 10451 10449 10454  120.0 2.5
10462 10473 10465 10467 -120.0 2.5
10497 10500 10502 10504  0.0 0.0
10596 10607 10599 10601 -120.0 2.5
10631 10634 10636 10638  0.0 0.0
10730 10741 10733 10735 -120.0 2.5
10765 10768 10770 10772  0.0 0.0
10840 10846 10844 10849  120.0 2.5
10857 10868 10860 10862 -120.0 2.5
10892 10895 10897 10899  0.0 0.0
10991 11002 10994 10996 -120.0 2.5
11026 11029 11031 11033  0.0 0.0
11125 11136 11128 11130 -120.0 2.5
11160 11163 11165 11167  0.0 0.0
11259 11270 11262 11264 -120.0 2.5
11294 11297 11299 11301  0.0 0.0
11369 11375 11373 11378  120.0 2.5
11386 11397 11389 11391 -120.0 2.5
11421 11424 11426 11428  0.0 0.0
11520 11531 11523 11525 -120.0 2.5
11555 11558 11560 11562  0.0 0.0
11654 11665 11657 11659 -120.0 2.5
11689 11692 11694 11696  0.0 0.0
11788 11799 11791 11793 -120.0 2.5
11823 11826 11828 11830  0.0 0.0
11922 11933 11925 11927 -120.0 2.5
11957 11960 11962 11964  0.0 0.0
12056 12067 12059 12061 -120.0 2.5
12091 12094 12096 12098  0.0 0.0
12190 12201 12193 12195 -120.0 2.5
12225 12228 12230 12232  0.0 0.0
12324 12335 12327 12329 -120.0 2.5
12359 12362 12364 12366  0.0 0.0
12458 12469 12461 12463 -120.0 2.5
12493 12496 12498 12500  0.0 0.0
12592 12603 12595 12597 -120.0 2.5
12627 12630 12632 12634  0.0 0.0
12726 12737 12729 12731 -120.0 2.5
12761 12764 12766 12768  0.0 0.0
12860 12871 12863 12865 -120.0 2.5
12895 12898 12900 12902  0.0 0.0
12994 13005 12997 12999 -120.0 2.5
13029 13032 13034 13036  0.0 0.0
13128 13139 13131 13133 -120.0 2.5
13163 13166 13168 13170  0.0 0.0
13262 13273 13265 13267 -120.0 2.5
13297 13300 13302 13304  0.0 0.0
13396 13407 13399 13401 -120.0 2.5
13431 13434 13436 13438  0.0 0.0
13530 13541 13533 13535 -120.0 2.5
13565 13568 13570 13572  0.0 0.0
13640 13646 13644 13649  120.0 2.5
13657 13668 13660 13662 -120.0 2.5
13692 13695 13697 13699  0.0 0.0
13791 13802 13794 13796 -120.0 2.5
13826 13829 13831 13833  0.0 0.0
13901 13907 13905 13910  120.0 2.5
13918 13929 13921 13923 -120.0 2.5
13953 13956 13958 13960  0.0 0.0
14052 14063 14055 14057 -120.0 2.5
14087 14090 14092 14094  0.0 0.0
14186 14197 14189 14191 -120.0 2.5
14221 14224 14226 14228  0.0 0.0
14296 14302 14300 14305  120.0 2.5
14313 14324 14316 14318 -120.0 2.5
14348 14351 14353 14355  0.0 0.0
14447 14458 14450 14452 -120.0 2.5
14482 14485 14487 14489  0.0 0.0
14581 14592 14584 14586 -120.0 2.5
14616 14619 14621 14623  0.0 0.0
14691 14697 14695 14700  120.0 2.5
14708 14719 14711 14713 -120.0 2.5
14743 14746 14748 14750  0.0 0.0
14842 14853 14845 14847 -120.0 2.5
14877 14880 14882 14884  0.0 0.0
14976 14987 14979 14981 -120.0 2.5
15011 15014 15016 15018  0.0 0.0
15086 15092 15090 15095  120.0 2.5
15103 15114 15106 15108 -120.0 2.5
15138 15141 15143 15145  0.0 0.0
15237 15248 15240 15242 -120.0 2.5
15272 15275 15277 15279  0.0 0.0
15371 15382 15374 15376 -120.0 2.5
15406 15409 15411 15413  0.0 0.0
15505 15516 15508 15510 -120.0 2.5
15540 15543 15545 15547  0.0 0.0
15615 15621 15619 15624  120.0 2.5
15632 15643 15635 15637 -120.0 2.5
15667 15670 15672 15674  0.0 0.0
15766 15777 15769 15771 -120.0 2.5
15801 15804 15806 15808  0.0 0.0
15900 15911 15903 15905 -120.0 2.5
15935 15938 15940 15942  0.0 0.0
16034 16045 16037 16039 -120.0 2.5
16069 16072 16074 16076  0.0 0.0
16168 16179 16171 16173 -120.0 2.5
16203 16206 16208 16210  0.0 0.0
16302 16313 16305 16307 -120.0 2.5
16337 16340 16342 16344  0.0 0.0
16436 16447 16439 16441 -120.0 2.5
16471 16474 16476 16478  0.0 0.0
16570 16581 16573 16575 -120.0 2.5
16605 16608 16610 16612  0.0 0.0
16704 16715 16707 16709 -120.0 2.5
16739 16742 16744 16746  0.0 0.0
16838 16849 16841 16843 -120.0 2.5
16873 16876 16878 16880  0.0 0.0
16972 16983 16975 16977 -120.0 2.5
17007 17010 17012 17014  0.0 0.0
17106 17117 17109 17111 -120.0 2.5
17141 17144 17146 17148  0.0 0.0
17240 17251 17243 17245 -120.0 2.5
17275 17278 17280 17282  0.0 0.0
