131
258
385
519
653
787
914
1048
1182
1316
1450
1584
1711
1845
1979
2113
2247
2381
2515
2649
2783
2917
3051
3185
3312
3446
3580
3714
3848
3982
4109
4243
4377
4511
4645
4779
4906
5040
5174
5308
5442
5576
5710
5844
5978
6112
6246
6380
6507
6634
6761
6895
7029
7163
7290
7424
7558
7685
7819
7953
8087
8221
8355
8482
8616
8750
8884
9011
9138
9272
9406
9540
9674
9808
9942
10069
10203
10330
10457
10591
10725
10852
10986
11120
11254
11381
11515
11649
11783
11917
12051
12185
12319
12453
12587
12721
12855
12989
13123
13257
13391
13525
13652
13786
13913
14047
14181
14308
14442
14576
14703
14837
14971
15098
15232
15366
15500
15627
15761
15895
16029
16163
16297
16431
16565
16699
16833
16967
17101
17235
